000003
000004
000006
000007
000012
000013
000018
000021
000022
000025
000027
000030
000032
000034
000036
000038
000039
000040
000042
000047
000048
000051
000052
000053
000055
000056
000058
000059
000064
000066
000069
000071
000075
000077
000078
000081
000084
000088
000089
000091
000092
000094
000098
000101
000102
000103
000105
000109
000111
000112
000113
000114
000115
000116
000118
000119
000120
000121
000123
000124
000125
000126
000129
000130
000131
000132
000133
000134
000137
000139
000142
000143
000144
000145
000146
000147
000151
000152
000153
000154
000157
000158
000159
000164
000166
000167
000170
000171
000173
000175
000177
000179
000181
000182
000185
000189
000190
000191
000193
000196
000198
000201
000202
000206
000208
000209
000210
000213
000214
000215
000216
000217
000221
000222
000223
000225
000227
000228
000229
000230
000231
000234
000238
000239
000240
000245
000247
000248
000250
000251
000252
000256
000257
000258
000259
000260
000261
000263
000267
000269
000270
000272
000276
000278
000281
000282
000286
000287
000293
000295
000296
000297
000299
000302
000304
000306
000312
000315
000316
000317
000318
000321
000322
000324
000326
000327
000328
000329
000330
000331
000336
000337
000338
000340
000341
000342
000344
000346
000347
000358
000359
000363
000364
000365
000366
000368
000369
000370
000372
000373
000374
000376
000379
000381
000383
000387
000390
000392
000393
000394
000395
000397
000399
000401
000402
000404
000405
000407
000409
000410
000413
000414
000415
000416
000417
000419
000421
000422
000423
000425
000426
000428
000429
000431
000433
000437
000438
000439
000440
000441
000442
000443
000444
000445
000446
000447
000448
000449
000451
000452
000454
000456
000457
000458
000460
000461
000464
000466
000469
000470
000472
000475
000476
000481
000482
000484
000486
000488
000489
000490
000491
000492
000494
000498
000499
000501
000503
000506
000507
000509
000510
000512
000513
000514
000516
000518
000520
000521
000522
000523
000526
000530
000533
000536
000537
000540
000541
000542
000545
000548
000550
000552
000553
000556
000559
000561
000562
000564
000565
000566
000569
000573
000575
000579
000580
000582
000584
000587
000589
000591
000593
000594
000595
000597
000601
000604
000608
000609
000612
000615
000617
000618
000619
000620
000621
000622
000623
000624
000626
000628
000629
000632
000633
000635
000636
000641
000642
000643
000645
000649
000651
000654
000661
000664
000665
000666
000671
000672
000673
000674
000676
000677
000678
000680
000684
000691
000693
000694
000695
000698
000699
000700
000701
000702
000704
000708
000710
000712
000714
000715
000719
000720
000721
000725
000726
000727
000735
000736
000737
000739
000741
000742
000746
000747
000748
000750
000751
000753
000755
000758
000760
000761
000764
000766
000767
000769
000773
000775
000776
000779
000781
000783
000784
000785
000788
000790
000792
000795
000796
000798
000801
000802
000805
000806
000807
000808
000811
000812
000814
000815
000816
000817
000822
000824
000825
000826
000827
000830
000833
000834
000836
000837
000838
000841
000842
000843
000844
000846
000847
000848
000849
000850
000851
000852
000856
000858
000859
000863
000865
000866
000873
000874
000875
000876
000877
000878
000879
000882
000884
000886
000888
000889
000890
000892
000893
000894
000895
000897
000901
000902
000905
000907
000909
000910
000913
000914
000918
000920
000925
000927
000930
000931
000932
000933
000934
000935
000937
000938
000941
000942
000945
000946
000948
000950
000951
000952
000955
000957
000962
000963
000965
000974
000976
000977
000978
000979
000980
000982
000983
000984
000985
000986
000987
000989
000991
000993
000997
000999
001000
001002
001003
001004
001007
001008
001009
001016
001021
001023
001025
001029
001030
001031
001032
001037
001038
001043
001050
001051
001052
001054
001055
001058
001060
001062
001064
001065
001066
001067
001068
001069
001072
001073
001077
001078
001080
001081
001083
001085
001086
001089
001090
001091
001092
001093
001095
001096
001097
001099
001101
001102
001104
001113
001114
001115
001119
001121
001122
001123
001125
001126
001129
001131
001133
001135
001138
001139
001145
001148
001153
001154
001155
001157
001159
001160
001161
001163
001164
001165
001166
001167
001169
001173
001174
001175
001176
001178
001179
001182
001183
001185
001186
001187
001188
001189
001193
001197
001198
001200
001202
001206
001207
001208
001210
001212
001216
001217
001224
001227
001228
001229
001231
001232
001233
001236
001238
001239
001240
001246
001249
001251
001256
001258
001259
001261
001262
001265
001266
001269
001271
001273
001274
001278
001279
001280
001287
001288
001289
001293
001295
001296
001297
001301
001305
001307
001308
001309
001310
001313
001314
001317
001319
001320
001324
001325
001326
001327
001328
001329
001331
001332
001334
001339
001340
001341
001342
001343
001344
001345
001347
001353
001362
001364
001365
001366
001367
001370
001372
001376
001377
001381
001383
001386
001387
001388
001390
001392
001394
001395
001397
001400
001401
001402
001404
001406
001409
001410
001412
001413
001416
001419
001421
001422
001423
001425
001426
001427
001430
001432
001433
001434
001435
001436
001439
001446
001447
001449
001452
001454
001455
001457
001462
001463
001465
001467
001468
001471
001472
001473
001476
001477
001478
001479
001480
001481
001482
001483
001484
001485
001486
001487
001488
001490
001495
001496
001498
001499
001500
001505
001510
001511
001513
001515
001518
001519
001522
001523
001527
001529
001532
001536
001538
001539
001540
001541
001542
001543
001544
001549
001552
001553
001554
001555
001557
001558
001560
001563
001566
001567
001568
001569
001571
001573
001574
001575
001579
001580
001583
001584
001586
001588
001590
001592
001593
001594
001599
001600
001604
001605
001606
001607
001608
001609
001612
001613
001614
001616
001619
001622
001623
001624
001626
001627
001628
001632
001634
001636
001637
001638
001640
001642
001644
001647
001648
001651
001652
001654
001656
001657
001661
001662
001665
001670
001672
001675
001676
001679
001680
001681
001683
001684
001688
001689
001692
001693
001694
001696
001697
001703
001705
001706
001709
001710
001711
001714
001716
001719
001720
001724
001725
001726
001729
001730
001732
001735
001737
001741
001742
001744
001747
001752
001757
001758
001760
001764
001765
001767
001770
001771
001772
001773
001774
001775
001776
001777
001778
001780
001784
001785
001789
001790
001794
001795
001800
001802
001803
001804
001805
001807
001808
001809
001810
001811
001812
001813
001814
001815
001818
001819
001820
001823
001824
001828
001830
001831
001832
001834
001835
001847
001848
001849
001850
001854
001855
001856
001857
001860
001862
001863
001865
001867
001868
001869
001870
001872
001875
001880
001883
001886
001887
001891
001895
001897
001898
001899
001901
001902
001903
001904
001905
001906
001907
001910
001912
001915
001916
001918
001921
001923
001925
001926
001928
001931
001932
001933
001935
001942
001943
001945
001946
001947
001950
001951
001953
001957
001959
001961
001963
001966
001967
001970
001972
001973
001974
001975
001976
001977
001978
001989
001990
001991
001992
001994
001995
001996
001999
002003
002006
002009
002010
002012
002013
002016
002023
002026
002027
002028
002031
002034
002035
002037
002039
002040
002045
002048
002050
002055
002057
002058
002062
002065
002067
002068
002069
002070
002073
002074
002076
002082
002084
002085
002092
002096
002097
002101
002102
002103
002107
002109
002110
002112
002114
002116
002121
002122
002124
002128
002129
002130
002132
002133
002137
002140
002143
002149
002150
002151
002152
002154
002155
002157
002158
002159
002162
002165
002166
002171
002172
002173
002175
002176
002179
002184
002187
002189
002191
002195
002196
002200
002202
002204
002205
002207
002208
002210
002211
002212
002215
002216
002218
002219
002222
002225
002226
002229
002230
002233
002235
002236
002239
002240
002241
002245
002247
002249
002250
002251
002252
002254
002255
002259
002260
002261
002267
002268
002272
002273
002274
002276
002277
002278
002279
002280
002285
002286
002288
002289
002291
002292
002295
002296
002297
002299
002301
002302
002303
002304
002310
002311
002312
002314
002315
002319
002320
002321
002326
002327
002328
002330
002332
002334
002337
002339
002341
002345
002346
002350
002356
002357
002358
002359
002360
002361
002362
002363
002364
002366
002367
002368
002371
002372
002373
002375
002376
002383
002385
002386
002389
002390
002391
002393
002396
002397
002399
002403
002405
002408
002409
002411
002414
002417
002418
002419
002421
002422
002423
002424
002425
002426
002427
002428
002429
002430
002432
002434
002437
002441
002442
002443
002444
002445
002446
002449
002450
002451
002452
002453
002455
002458
002460
002461
002464
002465
002467
002469
002470
002473
002474
002476
002479
002480
002483
002485
002487
002489
002492
002497
002498
002499
002500
002501
002505
002506
002507
002509
002510
002512
002513
002514
002515
002519
002520
002521
002522
002523
002524
002528
002531
002534
002535
002541
002545
002546
002547
002549
002551
002552
002553
002558
002559
002560
002563
002567
002568
002570
002572
002573
002574
002577
002583
002586
002587
002592
002595
002598
002599
002601
002607
002609
002610
002611
002612
002613
002617
002618
002620
002621
002626
002628
002629
002631
002633
002634
002635
002636
002637
002639
002641
002642
002643
002644
002649
002651
002654
002659
002660
002663
002665
002666
002667
002668
002674
002677
002678
002685
002689
002691
002694
002696
002697
002698
002699
002700
002704
002705
002712
002713
002715
002718
002719
002722
002725
002726
002727
002728
002730
002731
002733
002736
002737
002738
002740
002743
002744
002747
002748
002749
002753
002755
002759
002760
002763
002764
002766
002767
002768
002769
002773
002774
002778
002779
002780
002781
002783
002785
002787
002788
002789
002790
002792
002794
002795
002799
002800
002802
002808
002811
002812
002813
002815
002816
002817
002818
002822
002835
002836
002845
002848
002855
002857
002858
002859
002863
002864
002865
002871
002879
002880
002881
002883
002886
002888
002890
002891
002893
002894
002896
002897
002898
002899
002900
002905
002906
002909
002912
002914
002915
002917
002919
002921
002924
002926
002933
002934
002935
002938
002939
002940
002942
002946
002947
002951
002953
002954
002955
002959
002962
002963
002965
002967
002969
002971
002975
002977
002978
002979
002981
002982
002985
002987
002989
002990
002993
002994
002996
002998
002999
003001
003002
003003
003005
003006
003008
003009
003012
003013
003022
003029
003030
003031
003032
003033
003040
003041
003043
003044
003050
003051
003052
003053
003054
003058
003059
003060
003062
003064
003065
003066
003068
003070
003073
003075
003077
003078
003079
003080
003082
003084
003085
003093
003095
003097
003099
003100
003102
003103
003106
003107
003109
003112
003113
003114
003115
003116
003119
003120
003121
003128
003131
003132
003134
003139
003140
003144
003145
003146
003148
003149
003153
003156
003157
003159
003160
003162
003167
003168
003170
003171
003173
003175
003177
003180
003181
003183
003184
003187
003188
003190
003191
003195
003198
003199
003200
003203
003204
003205
003206
003208
003209
003210
003211
003212
003213
003216
003218
003220
003222
003228
003229
003230
003231
003232
003233
003236
003237
003239
003244
003247
003250
003252
003254
003255
003256
003257
003260
003262
003263
003264
003266
003267
003271
003272
003276
003277
003279
003280
003282
003283
003284
003287
003288
003291
003295
003296
003299
003304
003305
003306
003308
003310
003311
003313
003316
003319
003320
003322
003325
003327
003329
003332
003337
003339
003340
003342
003344
003346
003349
003352
003355
003361
003362
003365
003366
003368
003371
003372
003373
003374
003382
003384
003386
003387
003388
003389
003390
003391
003393
003394
003397
003398
003400
003403
003405
003408
003409
003410
003411
003412
003414
003415
003419
003421
003422
003425
003428
003429
003430
003432
003435
003439
003441
003443
003444
003446
003448
003450
003451
003452
003454
003456
003460
003461
003462
003463
003464
003467
003469
003471
003473
003476
003477
003479
003480
003481
003482
003486
003487
003489
003490
003494
003496
003497
003500
003501
003503
003510
003511
003513
003515
003517
003518
003519
003520
003521
003522
003524
003525
003528
003530
003535
003536
003539
003540
003543
003545
003547
003550
003551
003552
003553
003554
003555
003558
003561
003564
003565
003566
003567
003568
003570
003571
003573
003574
003578
003579
003580
003582
003583
003587
003588
003589
003594
003600
003601
003602
003608
003609
003610
003615
003616
003617
003618
003623
003624
003626
003627
003628
003630
003631
003636
003639
003643
003645
003646
003647
003649
003651
003652
003656
003657
003661
003666
003667
003669
003670
003671
003673
003674
003678
003679
003680
003683
003684
003685
003692
003693
003696
003698
003699
003700
003701
003702
003703
003705
003709
003710
003712
003716
003717
003718
003719
003721
003722
003725
003726
003727
003729
003730
003731
003732
003735
003738
003741
003742
003743
003745
003747
003749
003752
003753
003755
003761
003762
003766
003768
003769
003771
003772
003773
003774
003776
003778
003779
003781
003783
003786
003787
003790
003791
003794
003806
003807
003808
003809
003816
003817
003818
003819
003820
003822
003828
003829
003831
003832
003833
003835
003837
003838
003839
003841
003843
003845
003847
003851
003852
003853
003855
003856
003857
003859
003860
003862
003863
003864
003865
003868
003870
003872
003874
003875
003876
003877
003878
003879
003880
003883
003887
003888
003890
003891
003892
003895
003896
003897
003900
003902
003904
003906
003908
003912
003913
003914
003916
003918
003920
003921
003922
003923
003924
003925
003926
003929
003930
003935
003936
003938
003939
003942
003943
003946
003949
003951
003953
003956
003957
003958
003959
003961
003963
003964
003966
003969
003970
003971
003972
003974
003977
003978
003979
003983
003984
003986
003987
003989
003990
003993
003994
003995
003997
003999
004000
004003
004007
004008
004009
004010
004014
004015
004016
004017
004018
004019
004021
004023
004024
004028
004031
004040
004044
004045
004048
004049
004050
004051
004052
004053
004054
004056
004057
004058
004059
004060
004061
004063
004064
004065
004067
004068
004069
004070
004072
004078
004080
004081
004082
004087
004090
004094
004095
004097
004098
004099
004101
004102
004107
004108
004109
004110
004112
004114
004115
004119
004120
004121
004126
004133
004134
004140
004141
004142
004143
004146
004149
004151
004152
004153
004154
004156
004157
004159
004161
004163
004164
004165
004168
004169
004170
004173
004178
004179
004180
004184
004187
004188
004189
004190
004192
004193
004197
004198
004203
004207
004208
004209
004210
004212
004214
004215
004219
004220
004223
004224
004226
004229
004230
004231
004233
004234
004235
004237
004238
004242
004244
004246
004248
004249
004250
004254
004255
004256
004257
004260
004261
004265
004268
004274
004275
004277
004280
004281
004282
004284
004285
004288
004289
004292
004295
004301
004302
004305
004306
004311
004313
004314
004315
004317
004318
004323
004325
004335
004336
004338
004339
004342
004344
004345
004346
004347
004348
004349
004350
004351
004353
004355
004356
004357
004359
004363
004366
004369
004371
004372
004375
004376
004380
004386
004389
004391
004393
004395
004398
004402
004404
004406
004407
004411
004416
004418
004420
004421
004422
004423
004424
004429
004430
004431
004433
004434
004435
004436
004437
004439
004440
004441
004444
004446
004447
004448
004450
004452
004453
004454
004457
004458
004459
004460
004464
004465
004469
004470
004474
004475
004479
004480
004483
004485
004490
004491
004493
004495
004497
004498
004499
004503
004506
004508
004512
004515
004516
004517
004518
004519
004520
004521
004522
004523
004524
004525
004526
004527
004531
004537
004540
004542
004543
004546
004549
004550
004551
004552
004553
004554
004556
004558
004562
004563
004564
004565
004566
004569
004570
004572
004573
004574
004577
004578
004580
004581
004584
004586
004587
004588
004589
004591
004592
004593
004594
004597
004600
004603
004609
004610
004611
004617
004618
004620
004621
004622
004626
004628
004629
004630
004631
004633
004635
004636
004637
004641
004643
004644
004645
004646
004647
004648
004649
004650
004651
004653
004654
004657
004659
004660
004664
004668
004669
004670
004672
004675
004677
004679
004680
004681
004686
004687
004691
004692
004694
004696
004699
004700
004704
004706
004707
004710
004712
004715
004717
004718
004720
004721
004722
004723
004725
004726
004727
004731
004733
004737
004738
004739
004741
004744
004749
004752
004754
004755
004759
004760
004761
004762
004764
004766
004767
004768
004769
004770
004773
004774
004775
004779
004781
004782
004785
004786
004787
004788
004790
004791
004795
004797
004798
004799
004802
004803
004808
004811
004813
004814
004818
004819
004820
004821
004822
004824
004825
004826
004828
004833
004834
004838
004840
004843
004844
004845
004847
004851
004852
004853
004854
004857
004858
004859
004862
004863
004864
004865
004866
004867
004868
004872
004873
004875
004877
004886
004888
004889
004891
004892
004893
004896
004898
004900
004902
004904
004906
004907
004909
004910
004912
004913
004914
004916
004920
004925
004931
004932
004933
004934
004935
004936
004937
004938
004939
004942
004946
004948
004949
004950
004951
004952
004954
004955
004957
004958
004960
004961
004963
004966
004968
004969
004970
004971
004973
004974
004976
004982
004984
004987
004990
004994
004996
004997
004998
004999
005000
005001
005004
005005
005008
005010
005014
005015
005016
005021
005022
005023
005024
005025
005026
005028
005031
005032
005033
005035
005036
005037
005038
005041
005042
005043
005045
005046
005047
005048
005050
005051
005053
005056
005058
005059
005062
005068
005069
005073
005074
005077
005078
005079
005080
005083
005084
005087
005089
005090
005094
005096
005097
005099
005102
005103
005104
005105
005107
005108
005110
005113
005115
005116
005122
005124
005125
005126
005127
005130
005131
005132
005135
005136
005137
005138
005139
005142
005145
005146
005147
005148
005150
005152
005153
005155
005156
005157
005161
005162
005165
005169
005170
005173
005175
005176
005177
005180
005181
005182
005186
005188
005192
005193
005196
005201
005206
005207
005208
005211
005216
005217
005218
005219
005220
005221
005223
005225
005226
005229
005232
005234
005235
005237
005240
005241
005243
005245
005247
005250
005251
005254
005255
005256
005258
005260
005262
005263
005265
005266
005268
005271
005274
005275
005276
005277
005281
005282
005284
005285
005287
005288
005290
005292
005293
005299
005301
005302
005303
005304
005305
005308
005309
005311
005315
005316
005320
005321
005324
005325
005326
005327
005328
005329
005330
005332
005335
005336
005338
005339
005341
005343
005345
005346
005347
005350
005351
005352
005354
005355
005356
005362
005370
005371
005373
005375
005376
005377
005378
005380
005383
005385
005388
005390
005392
005394
005395
005396
005397
005400
005401
005403
005404
005409
005410
005414
005415
005416
005417
005418
005422
005425
005426
005428
005432
005434
005435
005438
005439
005440
005441
005442
005444
005445
005446
005449
005452
005454
005457
005458
005459
005460
005461
005462
005464
005465
005466
005467
005468
005473
005474
005475
005477
005479
005480
005481
005483
005485
005487
005488
005489
005491
005492
005493
005494
005497
005500
005501
005503
005504
005507
005508
005509
005511
005512
005514
005518
005519
005520
005522
005524
005525
005527
005529
005530
005532
005533
005534
005537
005541
005542
005547
005551
005553
005555
005556
005557
005559
005560
005564
005565
005566
005569
005570
005571
005572
005574
005577
005578
005579
005580
005581
005583
005585
005586
005587
005588
005594
005595
005596
005599
005600
005602
005603
005604
005605
005606
005608
005609
005610
005613
005614
005615
005616
005617
005623
005625
005627
005628
005629
005630
005632
005633
005634
005635
005638
005639
005640
005644
005646
005647
005651
005654
005655
005656
005657
005658
005661
005663
005665
005666
005667
005673
005675
005677
005678
005679
005681
005682
005683
005685
005687
005688
005690
005692
005695
005698
005699
005701
005703
005708
005709
005711
005712
005714
005715
005716
005717
005718
005720
005721
005724
005725
005726
005727
005732
005733
005734
005736
005737
005738
005740
005741
005742
005744
005745
005746
005748
005749
005750
005751
005752
005753
005755
005760
005761
005762
005766
005767
005769
005770
005771
005773
005774
005778
005779
005783
005784
005788
005789
005790
005792
005794
005795
005797
005802
005804
005805
005808
005811
005813
005814
005816
005819
005821
005822
005828
005830
005831
005832
005835
005837
005839
005840
005841
005842
005847
005848
005849
005850
005852
005853
005857
005858
005859
005861
005866
005868
005870
005872
005875
005876
005877
005880
005881
005883
005884
005886
005887
005888
005889
005891
005892
005896
005898
005900
005901
005905
005906
005907
005909
005910
005914
005916
005918
005919
005923
005924
005926
005927
005928
005930
005931
005932
005935
005937
005939
005940
005944
005946
005950
005951
005952
005953
005954
005955
005956
005961
005962
005963
005966
005971
005972
005974
005975
005976
005977
005979
005980
005981
005982
005984
005988
005989
006000
006002
006003
006004
006005
006007
006008
006010
006011
006014
006021
006022
006023
006028
006030
006032
006033
006037
006038
006039
006041
006042
006043
006045
006046
006047
006048
006050
006052
006053
006055
006059
006062
006067
006072
006074
006077
006078
006081
006082
006086
006088
006089
006090
006091
006093
006094
006097
006103
006104
006108
006109
006111
006114
006115
006116
006117
006121
006123
006125
006131
006132
006136
006139
006140
006141
006142
006146
006149
006151
006153
006155
006156
006158
006160
006165
006167
006168
006169
006172
006173
006174
006176
006178
006179
006180
006184
006185
006188
006191
006193
006194
006202
006203
006205
006212
006213
006217
006220
006222
006224
006225
006227
006229
006231
006233
006234
006235
006238
006241
006245
006250
006252
006253
006254
006255
006256
006257
006264
006266
006267
006268
006271
006272
006274
006277
006278
006279
006280
006281
006283
006284
006289
006291
006294
006295
006297
006298
006300
006306
006307
006308
006310
006311
006312
006313
006314
006318
006320
006321
006322
006323
006327
006333
006338
006339
006341
006344
006346
006348
006349
006352
006354
006355
006361
006363
006364
006365
006366
006367
006369
006370
006371
006373
006374
006377
006379
006385
006388
006389
006390
006391
006392
006394
006395
006402
006403
006404
006406
006407
006409
006410
006411
006412
006414
006415
006419
006420
006421
006425
006427
006428
006429
006430
006431
006432
006436
006437
006438
006439
006440
006441
006442
006444
006445
006446
006447
006448
006450
006451
006452
006453
006454
006456
006457
006458
006462
006464
006469
006470
006472
006473
006474
006477
006478
006480
006481
006483
006486
006493
006494
006495
006497
006500
006501
006502
006504
006505
006506
006507
006508
006511
006512
006516
006518
006522
006525
006527
006529
006530
006531
006532
006535
006536
006537
006541
006552
006555
006557
006560
006563
006566
006568
006569
006571
006574
006576
006578
006579
006584
006585
006588
006590
006591
006592
006597
006599
006600
006603
006604
006607
006611
006612
006613
006614
006617
006621
006623
006624
006629
006634
006635
006638
006644
006645
006647
006650
006651
006652
006654
006655
006658
006659
006662
006664
006665
006667
006668
006669
006674
006681
006684
006686
006688
006690
006692
006695
006697
006699
006700
006703
006706
006708
006709
006710
006712
006713
006717
006721
006723
006725
006726
006729
006731
006733
006735
006738
006739
006740
006742
006745
006746
006747
006748
006749
006750
006751
006754
006756
006758
006759
006760
006761
006763
006764
006765
006766
006767
006769
006770
006776
006777
006782
006784
006786
006787
006794
006795
006796
006798
006800
006805
006806
006808
006809
006810
006815
006818
006819
006820
006822
006823
006826
006829
006834
006836
006838
006840
006841
006842
006844
006845
006846
006847
006848
006852
006857
006858
006860
006862
006863
006864
006866
006867
006869
006871
006873
006877
006878
006882
006886
006888
006893
006895
006896
006897
006899
006900
006906
006908
006909
006910
006911
006914
006915
006916
006919
006924
006925
006928
006931
006933
006934
006935
006937
006939
006943
006944
006949
006950
006951
006952
006953
006954
006959
006960
006964
006969
006970
006971
006973
006975
006976
006979
006981
006983
006986
006989
006990
006993
006994
006996
007000
